Gly
2, 5, 1, 2, 0
Ala
3, 7, 1, 2, 0
Leu
6, 13, 1, 2, 0
Ile
6, 13, 1, 2, 0
Val
5, 11, 1, 2, 0
Pro
5, 9, 1, 2, 0
Phe
9, 11, 1, 2, 0
Met
5, 11, 1, 2, 1
Trp
11, 12, 2, 2, 0
Ser
3, 7, 1, 3, 0
Gln
5, 10, 2, 3, 0
Thr
4, 9, 1, 3, 0
Cys
3, 7, 1, 2, 1
Asn
4, 8, 2, 3, 0
Tyr
9, 11, 1, 3, 0
Asp
4, 7, 1, 4, 0
Glu
5, 9, 1, 4, 0
Lys
6, 14, 2, 2, 0
Arg
6, 14, 4, 2, 0
His
6, 9, 3, 2, 0
mPhe
10, 13, 1, 2, 0
Abz
7, 7, 1, 2, 0
Orn
5, 12, 2, 2, 0
Boc
5, 10, 0, 3, 0
OMe
1, 4, 0, 1, 0
Fmoc
15, 12, 0, 3, 0
b-Ala
3, 7, 1, 2, 0
x54
7, 13, 1, 2, 0
Nle
6, 13, 1, 2, 0
Ac
2, 4, 0, 2, 0
SNAC
4, 9, 1, 1, 1
cyclo
0, 0, 0, 0, 0
